{
 "cells": [
  {
   "cell_type": "code",
   "execution_count": 2,
   "metadata": {},
   "outputs": [],
   "source": [
    "import cv2\n",
    "import numpy as np"
   ]
  },
  {
   "cell_type": "code",
   "execution_count": 3,
   "metadata": {},
   "outputs": [],
   "source": [
    "def myImshow(title, img):\n",
    "    cv2.startWindowThread()\n",
    "    cv2.imshow(title, img)\n",
    "    cv2.waitKey(0)\n",
    "    cv2.destroyAllWindows()"
   ]
  },
  {
   "cell_type": "code",
   "execution_count": 4,
   "metadata": {},
   "outputs": [],
   "source": [
    "image = cv2.imread('./image/Lenna.png')\n",
    "if image is None:\n",
    "    print(\"Could not read input image\")\n",
    "else:\n",
    "    myImshow(\"Lenna\", image)"
   ]
  },
  {
   "cell_type": "code",
   "execution_count": 10,
   "metadata": {},
   "outputs": [],
   "source": [
    "# make a matrix gor Gaussian kernel\n",
    "s = 2.5\n",
    "kernel_size = np.floor(15/2)\n",
    "# Create a 2D grid of coordinates\n",
    "x, y = np.mgrid[-kernel_size:kernel_size+1, -kernel_size:kernel_size+1]\n",
    "# Compute the Gaussian kernel\n",
    "kernel = (np.exp(-(x**2 + y**2) / (2 * s**2)))/(2 * np.pi * s**2)\n",
    "# Normalize the kernel\n",
    "normalizing_constant = np.sum(kernel)\n",
    "kernel = kernel / normalizing_constant"
   ]
  },
  {
   "cell_type": "code",
   "execution_count": 11,
   "metadata": {},
   "outputs": [
    {
     "name": "stdout",
     "output_type": "stream",
     "text": [
      "[[1.00755667e-05 2.85059647e-05 6.87250219e-05 1.41190967e-04\n",
      "  2.47179144e-04 3.68747952e-04 4.68770520e-04 5.07813042e-04\n",
      "  4.68770520e-04 3.68747952e-04 2.47179144e-04 1.41190967e-04\n",
      "  6.87250219e-05 2.85059647e-05 1.00755667e-05]\n",
      " [2.85059647e-05 8.06495603e-05 1.94438001e-04 3.99459887e-04\n",
      "  6.99323439e-04 1.04326798e-03 1.32625353e-03 1.43671330e-03\n",
      "  1.32625353e-03 1.04326798e-03 6.99323439e-04 3.99459887e-04\n",
      "  1.94438001e-04 8.06495603e-05 2.85059647e-05]\n",
      " [6.87250219e-05 1.94438001e-04 4.68770520e-04 9.63057725e-04\n",
      "  1.68599867e-03 2.51521446e-03 3.19746425e-03 3.46377167e-03\n",
      "  3.19746425e-03 2.51521446e-03 1.68599867e-03 9.63057725e-04\n",
      "  4.68770520e-04 1.94438001e-04 6.87250219e-05]\n",
      " [1.41190967e-04 3.99459887e-04 9.63057725e-04 1.97853777e-03\n",
      "  3.46377167e-03 5.16734013e-03 6.56897674e-03 7.11608755e-03\n",
      "  6.56897674e-03 5.16734013e-03 3.46377167e-03 1.97853777e-03\n",
      "  9.63057725e-04 3.99459887e-04 1.41190967e-04]\n",
      " [2.47179144e-04 6.99323439e-04 1.68599867e-03 3.46377167e-03\n",
      "  6.06392981e-03 9.04632026e-03 1.15001269e-02 1.24579388e-02\n",
      "  1.15001269e-02 9.04632026e-03 6.06392981e-03 3.46377167e-03\n",
      "  1.68599867e-03 6.99323439e-04 2.47179144e-04]\n",
      " [3.68747952e-04 1.04326798e-03 2.51521446e-03 5.16734013e-03\n",
      "  9.04632026e-03 1.34955240e-02 1.71561734e-02 1.85850608e-02\n",
      "  1.71561734e-02 1.34955240e-02 9.04632026e-03 5.16734013e-03\n",
      "  2.51521446e-03 1.04326798e-03 3.68747952e-04]\n",
      " [4.68770520e-04 1.32625353e-03 3.19746425e-03 6.56897674e-03\n",
      "  1.15001269e-02 1.71561734e-02 2.18097709e-02 2.36262427e-02\n",
      "  2.18097709e-02 1.71561734e-02 1.15001269e-02 6.56897674e-03\n",
      "  3.19746425e-03 1.32625353e-03 4.68770520e-04]\n",
      " [5.07813042e-04 1.43671330e-03 3.46377167e-03 7.11608755e-03\n",
      "  1.24579388e-02 1.85850608e-02 2.36262427e-02 2.55940032e-02\n",
      "  2.36262427e-02 1.85850608e-02 1.24579388e-02 7.11608755e-03\n",
      "  3.46377167e-03 1.43671330e-03 5.07813042e-04]\n",
      " [4.68770520e-04 1.32625353e-03 3.19746425e-03 6.56897674e-03\n",
      "  1.15001269e-02 1.71561734e-02 2.18097709e-02 2.36262427e-02\n",
      "  2.18097709e-02 1.71561734e-02 1.15001269e-02 6.56897674e-03\n",
      "  3.19746425e-03 1.32625353e-03 4.68770520e-04]\n",
      " [3.68747952e-04 1.04326798e-03 2.51521446e-03 5.16734013e-03\n",
      "  9.04632026e-03 1.34955240e-02 1.71561734e-02 1.85850608e-02\n",
      "  1.71561734e-02 1.34955240e-02 9.04632026e-03 5.16734013e-03\n",
      "  2.51521446e-03 1.04326798e-03 3.68747952e-04]\n",
      " [2.47179144e-04 6.99323439e-04 1.68599867e-03 3.46377167e-03\n",
      "  6.06392981e-03 9.04632026e-03 1.15001269e-02 1.24579388e-02\n",
      "  1.15001269e-02 9.04632026e-03 6.06392981e-03 3.46377167e-03\n",
      "  1.68599867e-03 6.99323439e-04 2.47179144e-04]\n",
      " [1.41190967e-04 3.99459887e-04 9.63057725e-04 1.97853777e-03\n",
      "  3.46377167e-03 5.16734013e-03 6.56897674e-03 7.11608755e-03\n",
      "  6.56897674e-03 5.16734013e-03 3.46377167e-03 1.97853777e-03\n",
      "  9.63057725e-04 3.99459887e-04 1.41190967e-04]\n",
      " [6.87250219e-05 1.94438001e-04 4.68770520e-04 9.63057725e-04\n",
      "  1.68599867e-03 2.51521446e-03 3.19746425e-03 3.46377167e-03\n",
      "  3.19746425e-03 2.51521446e-03 1.68599867e-03 9.63057725e-04\n",
      "  4.68770520e-04 1.94438001e-04 6.87250219e-05]\n",
      " [2.85059647e-05 8.06495603e-05 1.94438001e-04 3.99459887e-04\n",
      "  6.99323439e-04 1.04326798e-03 1.32625353e-03 1.43671330e-03\n",
      "  1.32625353e-03 1.04326798e-03 6.99323439e-04 3.99459887e-04\n",
      "  1.94438001e-04 8.06495603e-05 2.85059647e-05]\n",
      " [1.00755667e-05 2.85059647e-05 6.87250219e-05 1.41190967e-04\n",
      "  2.47179144e-04 3.68747952e-04 4.68770520e-04 5.07813042e-04\n",
      "  4.68770520e-04 3.68747952e-04 2.47179144e-04 1.41190967e-04\n",
      "  6.87250219e-05 2.85059647e-05 1.00755667e-05]]\n"
     ]
    }
   ],
   "source": [
    "#print matrix for Gaussian kernel\n",
    "print(kernel)"
   ]
  },
  {
   "cell_type": "code",
   "execution_count": 7,
   "metadata": {},
   "outputs": [
    {
     "data": {
      "text/plain": [
       "True"
      ]
     },
     "execution_count": 7,
     "metadata": {},
     "output_type": "execute_result"
    }
   ],
   "source": [
    "burl = cv2.filter2D(image, -1, kernel)\n",
    "myImshow(\"Gaussian Blur\", burl)\n",
    "cv2.imwrite('Gaussian_Blur.png',burl)"
   ]
  }
 ],
 "metadata": {
  "kernelspec": {
   "display_name": "Python 3.9.12 64-bit",
   "language": "python",
   "name": "python3"
  },
  "language_info": {
   "codemirror_mode": {
    "name": "ipython",
    "version": 3
   },
   "file_extension": ".py",
   "mimetype": "text/x-python",
   "name": "python",
   "nbconvert_exporter": "python",
   "pygments_lexer": "ipython3",
   "version": "3.9.12"
  },
  "orig_nbformat": 4,
  "vscode": {
   "interpreter": {
    "hash": "1d5c1156327dacead463cc502c55ebae8ce9c8c01979cf154173ff808e75bf55"
   }
  }
 },
 "nbformat": 4,
 "nbformat_minor": 2
}
